I	beta(I)
0.0	0.5
0.001	0.5079
0.002	0.5157
0.003	0.5234
0.004	0.5309
0.005	0.5383
0.006	0.5456
0.007	0.5527
0.008	0.5597
0.009	0.5666
0.01	0.5734
0.011	0.58
0.012	0.5865
0.013	0.5929
0.014	0.5992
0.015	0.6053
0.016	0.6114
0.017	0.6173
0.018	0.6231
0.019	0.6288
0.02	0.6343
0.021	0.6398
0.022	0.6452
0.023	0.6504
0.024	0.6556
0.025	0.6606
0.026	0.6655
0.027	0.6704
0.028	0.6751
0.029	0.6797
0.03	0.6842
0.031	0.6886
0.032	0.693
0.033	0.6972
0.034	0.7013
0.035	0.7054
0.036	0.7093
0.037	0.7132
0.038	0.7169
0.039	0.7206
0.04	0.7242
0.041	0.7277
0.042	0.7311
0.043	0.7344
0.044	0.7377
0.045	0.7408
0.046	0.7439
0.047	0.7469
0.048	0.7498
0.049	0.7526
0.05	0.7554
0.051	0.7581
0.052	0.7607
0.053	0.7632
0.054	0.7657
0.055	0.7681
0.056	0.7704
0.057	0.7726
0.058	0.7748
0.059	0.7769
0.06	0.7789
0.061	0.7809
0.062	0.7828
0.063	0.7846
0.064	0.7864
0.065	0.7881
0.066	0.7897
0.067	0.7913
0.068	0.7929
0.069	0.7943
0.07	0.7957
0.071	0.7971
0.072	0.7984
0.073	0.7996
0.074	0.8008
0.075	0.802
0.076	0.803
0.077	0.8041
0.078	0.805
0.079	0.806
0.08	0.8068
0.081	0.8077
0.082	0.8085
0.083	0.8092
0.084	0.8099
0.085	0.8105
0.086	0.8111
0.087	0.8117
0.088	0.8122
0.089	0.8127
0.09	0.8131
0.091	0.8135
0.092	0.8138
0.093	0.8142
0.094	0.8144
0.095	0.8147
0.096	0.8149
0.097	0.815
0.098	0.8152
0.099	0.8153
0.1	0.8153
0.101	0.8154
0.102	0.8154
0.103	0.8153
0.104	0.8153
0.105	0.8152
0.106	0.8151
0.107	0.8149
0.108	0.8147
0.109	0.8145
0.11	0.8143
0.111	0.8141
0.112	0.8138
0.113	0.8135
0.114	0.8132
0.115	0.8128
0.116	0.8124
0.117	0.8121
0.118	0.8116
0.119	0.8112
0.12	0.8108
0.121	0.8103
0.122	0.8098
0.123	0.8093
0.124	0.8088
0.125	0.8082
0.126	0.8077
0.127	0.8071
0.128	0.8065
0.129	0.8059
0.13	0.8053
0.131	0.8047
0.132	0.8041
0.133	0.8034
0.134	0.8028
0.135	0.8021
0.136	0.8014
0.137	0.8007
0.138	0.8
0.139	0.7993
0.14	0.7986
0.141	0.7979
0.142	0.7972
0.143	0.7965
0.144	0.7957
0.145	0.795
0.146	0.7942
0.147	0.7935
0.148	0.7927
0.149	0.792
0.15	0.7912
0.151	0.7904
0.152	0.7897
0.153	0.7889
0.154	0.7881
0.155	0.7874
0.156	0.7866
0.157	0.7858
0.158	0.7851
0.159	0.7843
0.16	0.7836
0.161	0.7828
0.162	0.782
0.163	0.7813
0.164	0.7805
0.165	0.7798
0.166	0.779
0.167	0.7783
0.168	0.7776
0.169	0.7769
0.17	0.7761
0.171	0.7754
0.172	0.7747
0.173	0.774
0.174	0.7733
0.175	0.7726
0.176	0.772
0.177	0.7713
0.178	0.7706
0.179	0.77
0.18	0.7694
0.181	0.7687
0.182	0.7681
0.183	0.7675
0.184	0.7669
0.185	0.7663
0.186	0.7657
0.187	0.7652
0.188	0.7646
0.189	0.7641
0.19	0.7636
0.191	0.7631
0.192	0.7626
0.193	0.7621
0.194	0.7616
0.195	0.7611
0.196	0.7607
0.197	0.7603
0.198	0.7599
0.199	0.7595
0.2	0.7591
0.201	0.7587
0.202	0.7584
0.203	0.758
0.204	0.7577
0.205	0.7574
0.206	0.7571
0.207	0.7569
0.208	0.7566
0.209	0.7564
0.21	0.7562
0.211	0.756
0.212	0.7558
0.213	0.7557
0.214	0.7555
0.215	0.7554
0.216	0.7553
0.217	0.7552
0.218	0.7552
0.219	0.7551
0.22	0.7551
0.221	0.7551
0.222	0.7551
0.223	0.7552
0.224	0.7552
0.225	0.7553
0.226	0.7554
0.227	0.7555
0.228	0.7557
0.229	0.7558
0.23	0.756
0.231	0.7562
0.232	0.7565
0.233	0.7567
0.234	0.757
0.235	0.7573
0.236	0.7576
0.237	0.7579
0.238	0.7583
0.239	0.7587
0.24	0.7591
0.241	0.7595
0.242	0.76
0.243	0.7605
0.244	0.761
0.245	0.7615
0.246	0.762
0.247	0.7626
0.248	0.7632
0.249	0.7638
0.25	0.7645
0.251	0.7651
0.252	0.7658
0.253	0.7665
0.254	0.7673
0.255	0.768
0.256	0.7688
0.257	0.7696
0.258	0.7704
0.259	0.7713
0.26	0.7722
0.261	0.7731
0.262	0.774
0.263	0.775
0.264	0.7759
0.265	0.7769
0.266	0.778
0.267	0.779
0.268	0.7801
0.269	0.7812
0.27	0.7823
0.271	0.7834
0.272	0.7846
0.273	0.7858
0.274	0.787
0.275	0.7883
0.276	0.7895
0.277	0.7908
0.278	0.7922
0.279	0.7935
0.28	0.7949
0.281	0.7962
0.282	0.7977
0.283	0.7991
0.284	0.8006
0.285	0.802
0.286	0.8036
0.287	0.8051
0.288	0.8067
0.289	0.8082
0.29	0.8098
0.291	0.8115
0.292	0.8131
0.293	0.8148
0.294	0.8165
0.295	0.8182
0.296	0.82
0.297	0.8218
0.298	0.8236
0.299	0.8254
0.3	0.8272
0.301	0.8291
0.302	0.831
0.303	0.8329
0.304	0.8348
0.305	0.8368
0.306	0.8388
0.307	0.8408
0.308	0.8428
0.309	0.8448
0.31	0.8469
0.311	0.849
0.312	0.8511
0.313	0.8533
0.314	0.8554
0.315	0.8576
0.316	0.8598
0.317	0.862
0.318	0.8643
0.319	0.8666
0.32	0.8689
0.321	0.8712
0.322	0.8735
0.323	0.8759
0.324	0.8782
0.325	0.8806
0.326	0.883
0.327	0.8855
0.328	0.8879
0.329	0.8904
0.33	0.8929
0.331	0.8954
0.332	0.898
0.333	0.9005
0.334	0.9031
0.335	0.9057
0.336	0.9083
0.337	0.911
0.338	0.9136
0.339	0.9163
0.34	0.919
0.341	0.9217
0.342	0.9245
0.343	0.9272
0.344	0.93
0.345	0.9328
0.346	0.9356
0.347	0.9384
0.348	0.9412
0.349	0.9441
0.35	0.947
0.351	0.9498
0.352	0.9527
0.353	0.9557
0.354	0.9586
0.355	0.9616
0.356	0.9645
0.357	0.9675
0.358	0.9705
0.359	0.9736
0.36	0.9766
0.361	0.9796
0.362	0.9827
0.363	0.9858
0.364	0.9889
0.365	0.992
0.366	0.9951
0.367	0.9983
0.368	1.0014
0.369	1.0046
0.37	1.0078
0.371	1.011
0.372	1.0142
0.373	1.0174
0.374	1.0206
0.375	1.0239
0.376	1.0271
0.377	1.0304
0.378	1.0337
0.379	1.037
0.38	1.0403
0.381	1.0436
0.382	1.0469
0.383	1.0502
0.384	1.0536
0.385	1.057
0.386	1.0603
0.387	1.0637
0.388	1.0671
0.389	1.0705
0.39	1.0739
0.391	1.0773
0.392	1.0807
0.393	1.0842
0.394	1.0876
0.395	1.0911
0.396	1.0945
0.397	1.098
0.398	1.1015
0.399	1.105
0.4	1.1084
0.401	1.1119
0.402	1.1155
0.403	1.119
0.404	1.1225
0.405	1.126
0.406	1.1295
0.407	1.1331
0.408	1.1366
0.409	1.1401
0.41	1.1437
0.411	1.1473
0.412	1.1508
0.413	1.1544
0.414	1.158
0.415	1.1615
0.416	1.1651
0.417	1.1687
0.418	1.1723
0.419	1.1758
0.42	1.1794
0.421	1.183
0.422	1.1866
0.423	1.1902
0.424	1.1938
0.425	1.1974
0.426	1.201
0.427	1.2046
0.428	1.2082
0.429	1.2118
0.43	1.2154
0.431	1.219
0.432	1.2226
0.433	1.2262
0.434	1.2298
0.435	1.2334
0.436	1.237
0.437	1.2406
0.438	1.2442
0.439	1.2478
0.44	1.2514
0.441	1.255
0.442	1.2586
0.443	1.2622
0.444	1.2657
0.445	1.2693
0.446	1.2729
0.447	1.2765
0.448	1.28
0.449	1.2836
0.45	1.2872
0.451	1.2907
0.452	1.2943
0.453	1.2978
0.454	1.3014
0.455	1.3049
0.456	1.3084
0.457	1.3119
0.458	1.3155
0.459	1.319
0.46	1.3225
0.461	1.326
0.462	1.3295
0.463	1.333
0.464	1.3364
0.465	1.3399
0.466	1.3434
0.467	1.3468
0.468	1.3503
0.469	1.3537
0.47	1.3571
0.471	1.3605
0.472	1.3639
0.473	1.3674
0.474	1.3707
0.475	1.3741
0.476	1.3775
0.477	1.3808
0.478	1.3842
0.479	1.3875
0.48	1.3908
0.481	1.3942
0.482	1.3975
0.483	1.4008
0.484	1.404
0.485	1.4073
0.486	1.4106
0.487	1.4138
0.488	1.417
0.489	1.4202
0.49	1.4234
0.491	1.4266
0.492	1.4298
0.493	1.433
0.494	1.4361
0.495	1.4392
0.496	1.4424
0.497	1.4455
0.498	1.4486
0.499	1.4516
0.5	1.4547
0.501	1.4577
0.502	1.4608
0.503	1.4638
0.504	1.4668
0.505	1.4697
0.506	1.4727
0.507	1.4756
0.508	1.4786
0.509	1.4815
0.51	1.4844
0.511	1.4872
0.512	1.4901
0.513	1.4929
0.514	1.4958
0.515	1.4986
0.516	1.5014
0.517	1.5041
0.518	1.5069
0.519	1.5096
0.52	1.5123
0.521	1.515
0.522	1.5177
0.523	1.5203
0.524	1.523
0.525	1.5256
0.526	1.5281
0.527	1.5307
0.528	1.5333
0.529	1.5358
0.53	1.5383
0.531	1.5408
0.532	1.5432
0.533	1.5457
0.534	1.5481
0.535	1.5505
0.536	1.5529
0.537	1.5552
0.538	1.5576
0.539	1.5599
0.54	1.5622
0.541	1.5644
0.542	1.5667
0.543	1.5689
0.544	1.5711
0.545	1.5733
0.546	1.5754
0.547	1.5775
0.548	1.5796
0.549	1.5817
0.55	1.5837
0.551	1.5858
0.552	1.5878
0.553	1.5898
0.554	1.5917
0.555	1.5936
0.556	1.5955
0.557	1.5974
0.558	1.5993
0.559	1.6011
0.56	1.6029
0.561	1.6047
0.562	1.6064
0.563	1.6081
0.564	1.6099
0.565	1.6115
0.566	1.6132
0.567	1.6148
0.568	1.6164
0.569	1.6179
0.57	1.6195
0.571	1.621
0.572	1.6225
0.573	1.6239
0.574	1.6254
0.575	1.6268
0.576	1.6281
0.577	1.6295
0.578	1.6308
0.579	1.6321
0.58	1.6334
0.581	1.6346
0.582	1.6358
0.583	1.637
0.584	1.6382
0.585	1.6393
0.586	1.6404
0.587	1.6415
0.588	1.6425
0.589	1.6435
0.59	1.6445
0.591	1.6454
0.592	1.6464
0.593	1.6473
0.594	1.6481
0.595	1.649
0.596	1.6498
0.597	1.6505
0.598	1.6513
0.599	1.652
0.6	1.6527
0.601	1.6534
0.602	1.654
0.603	1.6546
0.604	1.6552
0.605	1.6557
0.606	1.6562
0.607	1.6567
0.608	1.6572
0.609	1.6576
0.61	1.658
0.611	1.6584
0.612	1.6587
0.613	1.659
0.614	1.6593
0.615	1.6595
0.616	1.6597
0.617	1.6599
0.618	1.6601
0.619	1.6602
0.62	1.6603
0.621	1.6604
0.622	1.6604
0.623	1.6604
0.624	1.6604
0.625	1.6603
0.626	1.6602
0.627	1.6601
0.628	1.66
0.629	1.6598
0.63	1.6596
0.631	1.6594
0.632	1.6591
0.633	1.6588
0.634	1.6584
0.635	1.6581
0.636	1.6577
0.637	1.6573
0.638	1.6568
0.639	1.6563
0.64	1.6558
0.641	1.6553
0.642	1.6547
0.643	1.6541
0.644	1.6535
0.645	1.6528
0.646	1.6521
0.647	1.6514
0.648	1.6507
0.649	1.6499
0.65	1.6491
0.651	1.6482
0.652	1.6474
0.653	1.6464
0.654	1.6455
0.655	1.6446
0.656	1.6436
0.657	1.6425
0.658	1.6415
0.659	1.6404
0.66	1.6393
0.661	1.6382
0.662	1.637
0.663	1.6358
0.664	1.6346
0.665	1.6333
0.666	1.632
0.667	1.6307
0.668	1.6294
0.669	1.628
0.67	1.6266
0.671	1.6252
0.672	1.6237
0.673	1.6222
0.674	1.6207
0.675	1.6192
0.676	1.6176
0.677	1.616
0.678	1.6144
0.679	1.6127
0.68	1.611
0.681	1.6093
0.682	1.6076
0.683	1.6058
0.684	1.604
0.685	1.6022
0.686	1.6003
0.687	1.5985
0.688	1.5966
0.689	1.5946
0.69	1.5927
0.691	1.5907
0.692	1.5887
0.693	1.5866
0.694	1.5846
0.695	1.5825
0.696	1.5804
0.697	1.5782
0.698	1.576
0.699	1.5738
0.7	1.5716
0.701	1.5694
0.702	1.5671
0.703	1.5648
0.704	1.5625
0.705	1.5601
0.706	1.5578
0.707	1.5554
0.708	1.5529
0.709	1.5505
0.71	1.548
0.711	1.5455
0.712	1.543
0.713	1.5405
0.714	1.5379
0.715	1.5353
0.716	1.5327
0.717	1.53
0.718	1.5274
0.719	1.5247
0.72	1.522
0.721	1.5192
0.722	1.5165
0.723	1.5137
0.724	1.5109
0.725	1.5081
0.726	1.5053
0.727	1.5024
0.728	1.4995
0.729	1.4966
0.73	1.4937
0.731	1.4907
0.732	1.4878
0.733	1.4848
0.734	1.4818
0.735	1.4787
0.736	1.4757
0.737	1.4726
0.738	1.4695
0.739	1.4664
0.74	1.4633
0.741	1.4601
0.742	1.457
0.743	1.4538
0.744	1.4506
0.745	1.4473
0.746	1.4441
0.747	1.4408
0.748	1.4376
0.749	1.4343
0.75	1.431
0.751	1.4276
0.752	1.4243
0.753	1.4209
0.754	1.4175
0.755	1.4141
0.756	1.4107
0.757	1.4073
0.758	1.4039
0.759	1.4004
0.76	1.3969
0.761	1.3934
0.762	1.3899
0.763	1.3864
0.764	1.3829
0.765	1.3793
0.766	1.3758
0.767	1.3722
0.768	1.3686
0.769	1.365
0.77	1.3614
0.771	1.3577
0.772	1.3541
0.773	1.3504
0.774	1.3467
0.775	1.3431
0.776	1.3394
0.777	1.3357
0.778	1.3319
0.779	1.3282
0.78	1.3245
0.781	1.3207
0.782	1.317
0.783	1.3132
0.784	1.3094
0.785	1.3056
0.786	1.3018
0.787	1.298
0.788	1.2942
0.789	1.2904
0.79	1.2865
0.791	1.2827
0.792	1.2788
0.793	1.2749
0.794	1.2711
0.795	1.2672
0.796	1.2633
0.797	1.2594
0.798	1.2555
0.799	1.2516
0.8	1.2477
0.801	1.2437
0.802	1.2398
0.803	1.2359
0.804	1.2319
0.805	1.228
0.806	1.224
0.807	1.2201
0.808	1.2161
0.809	1.2121
0.81	1.2082
0.811	1.2042
0.812	1.2002
0.813	1.1962
0.814	1.1922
0.815	1.1882
0.816	1.1842
0.817	1.1802
0.818	1.1762
0.819	1.1722
0.82	1.1682
0.821	1.1642
0.822	1.1602
0.823	1.1562
0.824	1.1522
0.825	1.1481
0.826	1.1441
0.827	1.1401
0.828	1.1361
0.829	1.1321
0.83	1.128
0.831	1.124
0.832	1.12
0.833	1.116
0.834	1.1119
0.835	1.1079
0.836	1.1039
0.837	1.0999
0.838	1.0959
0.839	1.0919
0.84	1.0878
0.841	1.0838
0.842	1.0798
0.843	1.0758
0.844	1.0718
0.845	1.0678
0.846	1.0638
0.847	1.0598
0.848	1.0558
0.849	1.0518
0.85	1.0478
0.851	1.0438
0.852	1.0398
0.853	1.0358
0.854	1.0319
0.855	1.0279
0.856	1.0239
0.857	1.02
0.858	1.016
0.859	1.012
0.86	1.0081
0.861	1.0042
0.862	1.0002
0.863	0.9963
0.864	0.9923
0.865	0.9884
0.866	0.9845
0.867	0.9806
0.868	0.9767
0.869	0.9728
0.87	0.9689
0.871	0.965
0.872	0.9611
0.873	0.9572
0.874	0.9533
0.875	0.9495
0.876	0.9456
0.877	0.9418
0.878	0.9379
0.879	0.9341
0.88	0.9303
0.881	0.9264
0.882	0.9226
0.883	0.9188
0.884	0.915
0.885	0.9112
0.886	0.9074
0.887	0.9036
0.888	0.8999
0.889	0.8961
0.89	0.8923
0.891	0.8886
0.892	0.8848
0.893	0.8811
0.894	0.8774
0.895	0.8737
0.896	0.8699
0.897	0.8662
0.898	0.8625
0.899	0.8588
0.9	0.8552
0.901	0.8515
0.902	0.8478
0.903	0.8442
0.904	0.8405
0.905	0.8369
0.906	0.8332
0.907	0.8296
0.908	0.826
0.909	0.8224
0.91	0.8188
0.911	0.8152
0.912	0.8116
0.913	0.808
0.914	0.8044
0.915	0.8009
0.916	0.7973
0.917	0.7937
0.918	0.7902
0.919	0.7867
0.92	0.7831
0.921	0.7796
0.922	0.7761
0.923	0.7726
0.924	0.7691
0.925	0.7656
0.926	0.7621
0.927	0.7586
0.928	0.7551
0.929	0.7516
0.93	0.7481
0.931	0.7447
0.932	0.7412
0.933	0.7377
0.934	0.7343
0.935	0.7308
0.936	0.7274
0.937	0.724
0.938	0.7205
0.939	0.7171
0.94	0.7137
0.941	0.7102
0.942	0.7068
0.943	0.7034
0.944	0.7
0.945	0.6965
0.946	0.6931
0.947	0.6897
0.948	0.6863
0.949	0.6829
0.95	0.6795
0.951	0.6761
0.952	0.6726
0.953	0.6692
0.954	0.6658
0.955	0.6624
0.956	0.659
0.957	0.6556
0.958	0.6521
0.959	0.6487
0.96	0.6453
0.961	0.6419
0.962	0.6384
0.963	0.635
0.964	0.6316
0.965	0.6281
0.966	0.6247
0.967	0.6212
0.968	0.6177
0.969	0.6143
0.97	0.6108
0.971	0.6073
0.972	0.6038
0.973	0.6003
0.974	0.5968
0.975	0.5932
0.976	0.5897
0.977	0.5862
0.978	0.5826
0.979	0.579
0.98	0.5754
0.981	0.5718
0.982	0.5682
0.983	0.5646
0.984	0.561
0.985	0.5573
0.986	0.5536
0.987	0.5499
0.988	0.5462
0.989	0.5425
0.99	0.5387
0.991	0.535
0.992	0.5312
0.993	0.5274
0.994	0.5235
0.995	0.5197
0.996	0.5158
0.997	0.5119
0.998	0.5079
0.999	0.504
1.0	0.5
