t	Y(t)	Z(t)	y(t)	z(t)
0.075	0.01097	82	0.00103	103
0.325	0.0141	254	0.00114	13
0.575	0	0	0.00126	15
0.825	0.03299	138	0.0014	17
1.075	0	104	0.00155	18
1.325	0	0	0.00172	20
1.575	0.00675	0	0.00191	23
1.825	0	0	0.00212	25
2.075	0	78	0.00235	28
2.325	0	0	0.00261	32
2.575	0.03221	0	0.0029	35
2.825	0.00457	0	0.00322	39
3.075	0	62	0.00358	44
3.325	0	109	0.00398	49
3.575	0	9	0.00443	55
3.825	0	355	0.00494	62
4.075	0.00524	0	0.00551	70
4.325	0.0226	0	0.00615	78
4.575	0.01105	0	0.00687	88
4.825	0	131	0.00769	100
5.075	0.02339	140	0.00862	113
5.325	0.00736	80	0.00967	128
5.575	0	31	0.01088	145
5.825	0.00303	333	0.01225	166
6.075	0.02069	0	0.01382	189
6.325	0.02212	157	0.01563	218
6.575	0.00419	347	0.01773	251
6.825	0.04078	437	0.02016	290
7.075	0.00621	288	0.02299	337
7.325	0.03293	547	0.02631	393
7.575	0.02063	431	0.03021	460
7.825	0.01269	352	0.03482	541
8.075	0.05653	854	0.04028	639
8.325	0.04533	916	0.04677	757
8.575	0.06173	796	0.05449	898
8.825	0.0709	1307	0.06367	1064
9.075	0.0738	1504	0.07452	1257
9.325	0.03484	1603	0.08724	1473
9.575	0.10371	1661	0.10197	1708
9.825	0.12056	1637	0.11873	1951
10.075	0.13305	2247	0.13745	2191
10.325	0.1875	2336	0.15794	2418
10.575	0.16383	2549	0.18	2628
10.825	0.22182	2881	0.20351	2829
11.075	0.2179	3119	0.2285	3038
11.325	0.25718	3431	0.25524	3278
11.575	0.27028	3530	0.28433	3582
11.825	0.30887	3757	0.31671	3988
12.075	0.35969	4583	0.35376	4542
12.325	0.39728	5241	0.39718	5278
12.575	0.41999	6101	0.4483	6167
12.825	0.49957	6878	0.50643	7005
13.075	0.56337	7422	0.5666	7358
13.325	0.65839	6921	0.62067	6893
13.575	0.66777	5789	0.66262	5801
13.825	0.65295	4561	0.69132	4565
14.075	0.70991	3879	0.7087	3490
14.325	0.71349	2695	0.71734	2647
14.575	0.71876	1824	0.71945	2008
14.825	0.73963	1646	0.71677	1527
15.075	0.72637	1018	0.71055	1162
15.325	0.72979	663	0.70174	884
15.575	0.70278	1018	0.69105	672
15.825	0.6592	420	0.67902	509
16.075	0.66805	305	0.66606	385
16.325	0.62147	301	0.65248	291
16.575	0.61729	294	0.63854	219
16.825	0.60602	410	0.62441	165
17.075	0.59456	73	0.61022	124
17.325	0.61236	0	0.59609	94
17.575	0.58663	278	0.58208	71
17.825	0.5361	83	0.56825	54
18.075	0.55983	165	0.55463	41
18.325	0.51651	0	0.54125	32
18.575	0.53857	71	0.52814	24
18.825	0.5203	74	0.51529	19
19.075	0.48912	51	0.50272	15
19.325	0.49628	0	0.49042	12
19.575	0.51573	84	0.47841	9
19.825	0.44285	111	0.46667	7
20.075	0.43572	130	0.45521	6
20.325	0.4672	0	0.44402	5
20.575	0.45237	69	0.4331	4
20.825	0.43889	303	0.42244	3
21.075	0.40713	0	0.41204	2
21.325	0.3841	0	0.40189	2
21.575	0.39045	55	0.39199	2
21.825	0.38786	132	0.38233	1
22.075	0.37316	231	0.3729	1
22.325	0.35842	431	0.36371	1
22.575	0.36725	0	0.35474	1
22.825	0.32457	77	0.34599	0
23.075	0.33299	113	0.33746	0
23.325	0.3386	0	0.32913	0
23.575	0.30408	0	0.32101	0
23.825	0.30416	135	0.31309	0
24.075	0.30965	0	0.30537	0
24.325	0.3013	61	0.29783	0
24.575	0.27281	24	0.29048	0
24.825	0.28448	0	0.28332	0
25.075	0.28348	89	0.27632	0
25.325	0.29117	166	0.2695	0
25.575	0.2353	0	0.26285	0
25.825	0.26667	81	0.25637	0
26.075	0.26034	609	0.25004	0
26.325	0.25529	179	0.24387	0
26.575	0.25693	103	0.23785	0
26.825	0.22567	120	0.23198	0
27.075	0.2108	0	0.22625	0
27.325	0.21096	13	0.22067	0
27.575	0.26151	0	0.21522	0
27.825	0.22363	0	0.20991	0
28.075	0.19529	172	0.20473	0
28.325	0.20096	0	0.19967	0
28.575	0.18044	107	0.19475	0
28.825	0.17533	34	0.18994	0
29.075	0.18616	0	0.18525	0
29.325	0.22356	100	0.18068	0
29.575	0.13571	29	0.17622	0
29.825	0.15863	134	0.17187	0
30.075	0.15177	0	0.16762	0
30.325	0.17359	136	0.16349	0
30.575	0.13545	0	0.15945	0
30.825	0.14602	0	0.15551	0
31.075	0.18699	64	0.15168	0
31.325	0.12271	145	0.14793	0
31.575	0.18672	163	0.14428	0
31.825	0.11033	0	0.14072	0
32.075	0.16258	0	0.13724	0
32.325	0.14273	122	0.13386	0
32.575	0.11201	0	0.13055	0
32.825	0.0625	0	0.12733	0
33.075	0.11913	0	0.12419	0
33.325	0.15377	0	0.12112	0
33.575	0.10933	20	0.11813	0
33.825	0.14404	0	0.11521	0
34.075	0.13563	1	0.11237	0
34.325	0.08997	73	0.1096	0
34.575	0.11087	0	0.10689	0
34.825	0.10565	0	0.10425	0
35.075	0.10395	104	0.10168	0
35.325	0.13089	0	0.09917	0
35.575	0.13938	0	0.09672	0
35.825	0.0913	93	0.09433	0
36.075	0.09762	0	0.092	0
36.325	0.08557	0	0.08973	0
36.575	0.07573	134	0.08752	0
36.825	0.0925	0	0.08536	0
37.075	0.10124	48	0.08325	0
37.325	0.09745	99	0.08119	0
37.575	0.06261	0	0.07919	0
37.825	0.09218	96	0.07723	0
38.075	0.07491	18	0.07533	0
38.325	0.09902	0	0.07347	0
38.575	0.0826	0	0.07165	0
38.825	0.06553	173	0.06989	0
39.075	0.08467	128	0.06816	0
39.325	0.09259	3	0.06648	0
39.575	0.07847	0	0.06484	0
39.825	0.06972	0	0.06324	0
40.075	0.06361	94	0.06167	0
40.325	0.04379	330	0.06015	0
40.575	0.03855	0	0.05867	0
40.825	0.08038	125	0.05722	0
41.075	0.06829	99	0.05581	0
41.325	0.05418	0	0.05443	0
41.575	0.0546	0	0.05308	0
41.825	0.07128	0	0.05177	0
42.075	0.03399	0	0.0505	0
42.325	0.05751	0	0.04925	0
42.575	0.03159	38	0.04803	0
42.825	0.05175	0	0.04685	0
43.075	0.03627	36	0.04569	0
43.325	0.0156	0	0.04456	0
43.575	0.02909	0	0.04346	0
43.825	0.04861	233	0.04239	0
44.075	0.0585	0	0.04134	0
44.325	0.03994	0	0.04032	0
44.575	0.03896	0	0.03933	0
44.825	0.04481	0	0.03836	0
45.075	0.0478	242	0.03741	0
45.325	0.03431	63	0.03649	0
45.575	0.04939	0	0.03558	0
45.825	0.03919	1	0.03471	0
46.075	0.0358	0	0.03385	0
46.325	0.0335	78	0.03301	0
46.575	0.06122	151	0.0322	0
46.825	0.07447	0	0.0314	0
47.075	0.04807	28	0.03063	0
47.325	0.07367	0	0.02987	0
47.575	0.01234	0	0.02913	0
47.825	0	0	0.02842	0
48.075	0.01253	23	0.02771	0
48.325	0.03386	296	0.02703	0
48.575	0.04537	0	0.02636	0
48.825	0.00774	77	0.02571	0
49.075	0	289	0.02508	0
49.325	0.04805	0	0.02446	0
49.575	0	214	0.02385	0
49.825	0.02097	195	0.02326	0
50.075	0	0	0.02269	0
50.325	0.02223	7	0.02213	0
50.575	0.01258	98	0.02158	0
50.825	0	0	0.02105	0
51.075	0.02294	81	0.02053	0
51.325	0.03426	0	0.02002	0
51.575	0	202	0.01953	0
51.825	0.02569	0	0.01905	0
52.075	0.0496	18	0.01858	0
52.325	0.0417	10	0.01812	0
52.575	0.05889	277	0.01767	0
52.825	0.01226	153	0.01724	0
53.075	0.02972	216	0.01681	0
53.325	0	108	0.01639	0
53.575	0.03716	0	0.01599	0
53.825	0	0	0.0156	0
54.075	0.00982	113	0.01521	0
54.325	0.04488	11	0.01483	0
54.575	0.04704	0	0.01447	0
54.825	0	0	0.01411	0
55.075	0.02144	0	0.01376	0
55.325	0	0	0.01342	0
55.575	0	105	0.01309	0
55.825	0.0201	0	0.01277	0
56.075	0.00218	0	0.01245	0
56.325	0.01089	151	0.01215	0
56.575	0	79	0.01185	0
56.825	0.00095	0	0.01155	0
57.075	0.00913	0	0.01127	0
57.325	0	0	0.01099	0
57.575	0.05001	5	0.01072	0
57.825	0	33	0.01045	0
58.075	0.00795	0	0.0102	0
58.325	0.02223	119	0.00994	0
58.575	0	0	0.0097	0
58.825	0.00396	0	0.00946	0
59.075	0	216	0.00923	0
59.325	0.0419	0	0.009	0
59.575	0.02031	49	0.00878	0
59.825	0.07014	177	0.00856	0
60.075	0.00579	0	0.00835	0
60.325	0	32	0.00814	0
60.575	0	0	0.00794	0
60.825	0	0	0.00774	0
61.075	0.0413	139	0.00755	0
61.325	0.00721	234	0.00737	0
61.575	0.00873	0	0.00718	0
61.825	0.03747	85	0.00701	0
62.075	0	0	0.00683	0
62.325	0	0	0.00667	0
